#################################################################
### ETH Zurich - D. Vogler - davogler@ethz.ch                 ###
### Temperature profile [K] along axis [m]                    ###
### Extracted from: 3_05.55.59_BEGINNINGspallation_corrected  ###
#################################################################
AXIS Y
0.1000
AXIS X
-0.0500 -0.0490 -0.0480 -0.0470 -0.0460 -0.0449 -0.0439 -0.0429 -0.0419 -0.0409 -0.0399 -0.0389 -0.0379 -0.0369 -0.0359 -0.0348 -0.0338 -0.0328 -0.0318 -0.0308 -0.0298 -0.0288 -0.0278 -0.0268 -0.0258 -0.0247 -0.0237 -0.0227 -0.0217 -0.0207 -0.0197 -0.0187 -0.0177 -0.0167 -0.0157 -0.0146 -0.0136 -0.0126 -0.0116 -0.0106 -0.0096 -0.0086 -0.0076 -0.0066 -0.0056 -0.0045 -0.0035 -0.0025 -0.0015 -0.0005 0.0005 0.0015 0.0025 0.0035 0.0045 0.0056 0.0066 0.0076 0.0086 0.0096 0.0106 0.0116 0.0126 0.0136 0.0146 0.0157 0.0167 0.0177 0.0187 0.0197 0.0207 0.0217 0.0227 0.0237 0.0247 0.0258 0.0268 0.0278 0.0288 0.0298 0.0308 0.0318 0.0328 0.0338 0.0348 0.0359 0.0369 0.0379 0.0389 0.0399 0.0409 0.0419 0.0429 0.0439 0.0449 0.0460 0.0470 0.0480 0.0490 0.0500
AXIS T
0.0 10.0
DATA
300.001 300.001 300.001 300.001 300.001 300.001 300.001 300.001 300.001 300.001 300.001 300.001 300.001 300.001 300.001 300.001 300.001 300.001 300.001 300.001 300.001 300.001 300.001 300.001 300.001 300.001 300.001 300.001 300.001 300.001 300.001 300.001 300.001 300.001 300.001 300.001 300.001 300.001 300.001 300.001 300.001 300.001 300.001 300.001 300.001 300.001 300.001 300.001 300.001 300.001 300.001 300.001 300.001 300.001 300.001 300.001 300.001 300.001 300.001 300.001 300.001 300.001 300.001 300.001 300.001 300.001 300.001 300.001 300.001 300.001 300.001 300.001 300.001 300.001 300.001 300.001 300.001 300.001 300.001 300.001 300.001 300.001 300.001 300.001 300.001 300.001 300.001 300.001 300.001 300.001 300.001 300.001 300.001 300.001 300.001 300.001 300.001 300.001 300.001 300.001
524.4177 537.2368 550.5040 564.2134 578.3574 592.9263 607.9084 623.2901 639.0556 655.1870 671.6643 688.4654 705.5660 722.9396 740.5577 758.3897 776.4032 794.5635 812.8344 831.1778 849.5539 867.9215 886.2381 904.4597 922.5416 940.4379 958.1022 975.4875 992.5465 1009.2318 1025.4962 1041.2927 1056.5749 1071.2973 1085.4153 1098.8856 1111.6661 1123.7168 1134.9993 1145.4772 1155.1167 1163.8861 1171.7566 1178.7021 1184.6995 1189.7285 1193.7723 1196.8172 1198.8529 1199.8725 1199.8725 1198.8529 1196.8172 1193.7723 1189.7285 1184.6995 1178.7021 1171.7566 1163.8861 1155.1167 1145.4772 1134.9993 1123.7168 1111.6661 1098.8856 1085.4153 1071.2973 1056.5749 1041.2927 1025.4962 1009.2318 992.5465 975.4875 958.1022 940.4379 922.5416 904.4597 886.2381 867.9215 849.5539 831.1778 812.8344 794.5635 776.4032 758.3897 740.5577 722.9396 705.5660 688.4654 671.6643 655.1870 639.0556 623.2901 607.9084 592.9263 578.3574 564.2134 550.5040 537.2368 524.4177
